agent:
  bored_thresh: 0.09962233608231519
  cleanup_eff_in: 0.2061170988704542
  cleanup_eff_out: 0.46665134862900043
  cleanup_factor: 1.2385713684582482
  cleanup_fill_rate: 5.445495029918355
  eat_eff_in: 0.07923967826388456
  eat_eff_out: 0.00980410101136886
  eat_factor: 1.063612395622123
  eat_fill_rate: 21.63836302769357
  relax_eff_in: 0.5994611320533403
  relax_eff_out: 0.40482288886465634
  relax_factor: 0.6945490794572725
  relax_fill_rate: 75.40020840805556
  sleep_eff_in: 0.21926040957336723
  sleep_eff_out: 0.8681452271749772
  sleep_factor_day: 1.4156439864347121
  sleep_factor_night: 1.5734232204637535
  sleep_fill_rate: 63.512229188837445
clock:
  time_step_min: 15
  ts_start: 2024-01-01 00:00:00
