agent:
  bored_thresh: 0.01629615157749592
  cleanup_eff_in: 0.4425636348482295
  cleanup_eff_out: 0.8321509234923425
  cleanup_factor: 1.624178170910056
  cleanup_fill_rate: 77.90471345244072
  eat_eff_in: 0.0677111192518417
  eat_eff_out: 0.14007139528692747
  eat_factor: 1.2633989970132633
  eat_fill_rate: 29.92567862885457
  relax_eff_in: 0.6606951331252081
  relax_eff_out: 0.4342358379347709
  relax_factor: 0.7106252684581217
  relax_fill_rate: 7.7826290564738585
  sleep_eff_in: 0.6104541196750362
  sleep_eff_out: 0.9361389003390335
  sleep_factor_day: 0.9458407639602111
  sleep_factor_night: 1.260682640286314
  sleep_fill_rate: 44.606444871721095
  wash_eff_in: 0.9318878375850839
  wash_eff_out: 0.6179010659322338
  wash_factor: 1.3082617397532295
  wash_fill_rate: 86.52539094246822
clock:
  time_step_min: 15
  ts_start: 2024-01-01 00:00:00
