agent:
  bored_thresh: 0.2601997085343508
  cleanup_eff_in: 0.290413560483187
  cleanup_eff_out: 0.8050866527912278
  cleanup_factor: 1.2102362632195587
  cleanup_fill_rate: 15.162583903569335
  eat_eff_in: 0.8320181096126544
  eat_eff_out: 0.3689937768072109
  eat_factor: 1.069371355261613
  eat_fill_rate: 28.495689526562728
  relax_eff_in: 0.6538446169347136
  relax_eff_out: 0.6535058811322577
  relax_factor: 1.4213891603482134
  relax_fill_rate: 60.3456405707559
  sleep_eff_in: 0.4822764341403982
  sleep_eff_out: 0.4124187101779529
  sleep_factor_day: 1.8748988156361621
  sleep_factor_night: 0.5193762100336967
  sleep_fill_rate: 0.0
  wash_eff_in: 0.42904118170635136
  wash_eff_out: 0.40419427563315413
  wash_factor: 0.7582272439157873
  wash_fill_rate: 0.9518006797343403
clock:
  time_step_min: 15
  ts_start: 2024-01-01 00:00:00
