agent:
  bored_thresh: 0.09132332347408878
  cleanup_eff_in: 0.08394024034173453
  cleanup_eff_out: 0.3511700112049784
  cleanup_factor: 1.664504513884659
  cleanup_fill_rate: 23.825139251400106
  eat_eff_in: 0.04432656675897795
  eat_eff_out: 0.18207904844641953
  eat_factor: 1.8655185256561855
  eat_fill_rate: 92.07364543354097
  relax_eff_in: 0.7946685982507791
  relax_eff_out: 0.11390530748046757
  relax_factor: 1.535952137142103
  relax_fill_rate: 69.65388413821015
  sleep_eff_in: 0.1671926993501861
  sleep_eff_out: 0.834679817238952
  sleep_factor_day: 0.8587249532042123
  sleep_factor_night: 0.6830699749257851
  sleep_fill_rate: 77.44477298192291
clock:
  time_step_min: 15
  ts_start: 2024-01-01 00:00:00
