agent:
  bored_thresh: 0.09870378919084266
  cleanup_eff_in: 0.6283615405726513
  cleanup_eff_out: 0.5875413462955731
  cleanup_factor: 0.6647716887157918
  cleanup_fill_rate: 26.610956903314776
  eat_eff_in: 0.4013664905157734
  eat_eff_out: 0.19632141748590304
  eat_factor: 1.013766015055246
  eat_fill_rate: 25.104264518397112
  relax_eff_in: 0.6004803183034552
  relax_eff_out: 0.14343446491466383
  relax_factor: 1.054735035250448
  relax_fill_rate: 87.6591125962571
  sleep_eff_in: 0.11053995273586048
  sleep_eff_out: 0.4646277313764089
  sleep_factor_day: 1.1583134465802263
  sleep_factor_night: 1.818084762201137
  sleep_fill_rate: 59.21272766454797
  wash_eff_in: 0.9700250185080891
  wash_eff_out: 0.5041547875072765
  wash_factor: 0.5411558652352352
  wash_fill_rate: 38.48335173508961
clock:
  time_step_min: 15
  ts_start: 2024-01-01 00:00:00
