agent:
  bored_thresh: 0.15079899925418605
  cleanup_eff_in: 0.02224948859870568
  cleanup_eff_out: 0.720937461320114
  cleanup_factor: 1.2486036017954747
  cleanup_fill_rate: 53.61559301039992
  eat_eff_in: 0.047449259250043896
  eat_eff_out: 0.3893987926873274
  eat_factor: 1.1927901198780635
  eat_fill_rate: 90.85919473645293
  relax_eff_in: 0.9213002465243811
  relax_eff_out: 0.8926906724193516
  relax_factor: 1.148510459985074
  relax_fill_rate: 17.031652669442764
  sleep_eff_in: 0.1970754381276998
  sleep_eff_out: 0.5902031142908818
  sleep_factor_day: 1.4272517251198806
  sleep_factor_night: 1.8107830296667773
  sleep_fill_rate: 9.925267357451531
clock:
  time_step_min: 15
  ts_start: 2024-01-01 00:00:00
