agent:
  bored_thresh: 0.2812528924814713
  cleanup_eff_in: 0.6220877318127405
  cleanup_eff_out: 0.7552722006837588
  cleanup_factor: 1.8238822702632296
  cleanup_fill_rate: 67.4734712977826
  eat_eff_in: 0.02668900065804347
  eat_eff_out: 0.3872968851076145
  eat_factor: 1.2859961308689956
  eat_fill_rate: 51.14648229258736
  relax_eff_in: 0.0934827619764933
  relax_eff_out: 0.33858699629293376
  relax_factor: 0.926615813648942
  relax_fill_rate: 72.7076701622736
  sleep_eff_in: 0.08059571042807334
  sleep_eff_out: 0.8423362251337881
  sleep_factor_day: 0.8640835421820081
  sleep_factor_night: 0.8508596124474761
  sleep_fill_rate: 25.326342852473736
  wash_eff_in: 0.2652748499497354
  wash_eff_out: 0.3209339937113487
  wash_factor: 1.1231531795243068
  wash_fill_rate: 66.7884776051717
clock:
  time_step_min: 15
  ts_start: 2024-01-01 00:00:00
