agent:
  bored_thresh: 0.12706794931321325
  cleanup_eff_in: 0.484307806644451
  cleanup_eff_out: 0.3406754456684957
  cleanup_factor: 1.9748389870383654
  cleanup_fill_rate: 20.215238199951592
  eat_eff_in: 0.09942922627229
  eat_eff_out: 0.14534366413860428
  eat_factor: 1.9067831415269083
  eat_fill_rate: 65.4442564204821
  relax_eff_in: 0.7383411140209216
  relax_eff_out: 0.05343525058392895
  relax_factor: 0.8066242878007026
  relax_fill_rate: 89.80270638586524
  sleep_eff_in: 0.05370560184140627
  sleep_eff_out: 0.5565562594488194
  sleep_factor_day: 1.4020599053716458
  sleep_factor_night: 0.9871433846979545
  sleep_fill_rate: 47.5834072046465
  wash_eff_in: 0.7773997366962319
  wash_eff_out: 0.4532344401008361
  wash_factor: 0.706893774849005
  wash_fill_rate: 91.11312492269704
clock:
  time_step_min: 15
  ts_start: 2024-01-01 00:00:00
